SalePrice,Id
131358.403,1461
154434.0805,1462
179992.4905,1463
187236.0065,1464
193150.0955,1465
186213.686,1466
171739.7365,1467
173759.041,1468
177826.9515,1469
124525.2575,1470
216268.6745,1471
102956.5305,1472
110245.136,1473
150158.5575,1474
123197.073,1475
378771.012,1476
252642.456,1477
311613.9365,1478
288512.7075,1479
447123.533,1480
298675.7085,1481
204561.1275,1482
188325.932,1483
178855.562,1484
183323.142,1485
201539.686,1486
303640.0735,1487
238504.756,1488
211691.4375,1489
248239.2835,1490
191623.607,1491
105452.813,1492
187757.421,1493
296041.6115,1494
288289.332,1495
246146.104,1496
173472.4955,1497
161958.254,1498
162373.922,1499
168815.332,1500
176376.3985,1501
165997.1705,1502
292600.9085,1503
234667.042,1504
219587.9485,1505
176057.2385,1506
241996.9255,1507
185284.3325,1508
159737.211,1509
152430.358,1510
151369.177,1511
170952.773,1512
140473.6455,1513
176272.6645,1514
189044.846,1515
147661.7825,1516
154219.513,1517
127604.7015,1518
239999.9225,1519
138471.0255,1520
142116.3965,1521
161131.865,1522
111211.5815,1523
116104.5515,1524
127793.9895,1525
132055.323,1526
117382.3315,1527
129122.6535,1528
145961.129,1529
165229.2165,1530
137771.223,1531
120721.4605,1532
141166.018,1533
129273.9855,1534
150246.632,1535
127624.006,1536
108897.956,1537
179534.6825,1538
228889.615,1539
143570.0285,1540
136796.965,1541
134440.892,1542
179083.6355,1543
101163.049,1544
108090.593,1545
137522.574,1546
140526.1205,1547
125639.6795,1548
124006.964,1549
136097.0615,1550
121363.8045,1551
151115.7385,1552
167787.092,1553
118393.8035,1554
175939.269,1555
110375.9835,1556
130732.259,1557
108625.692,1558
126681.086,1559
142863.6555,1560
158583.1615,1561
130865.473,1562
127548.3855,1563
154541.607,1564
156791.4555,1565
230984.669,1566
96610.028,1567
220276.684,1568
160131.4215,1569
156739.3005,1570
136166.0525,1571
144082.346,1572
247055.15,1573
124227.961,1574
239053.002,1575
245044.491,1576
202071.315,1577
152516.362,1578
148967.623,1579
183580.2115,1580
157968.952,1581
128781.22,1582
315004.6075,1583
242267.2135,1584
142708.376,1585
103510.9445,1586
113162.6535,1587
146132.432,1588
113353.5175,1589
131940.583,1590
112459.362,1591
135730.7235,1592
118793.0015,1593
152935.7115,1594
131707.7035,1595
206739.936,1596
171146.9885,1597
190942.8535,1598
193878.1235,1599
188455.076,1600
84363.3115,1601
125760.126,1602
106314.986,1603
277814.944,1604
254364.101,1605
162642.3095,1606
164536.2085,1607
217429.2955,1608
200623.6035,1609
164154.604,1610
147445.448,1611
185757.37,1612
171405.319,1613
131917.1985,1614
111168.6815,1615
96512.4895,1616
100295.0225,1617
127713.7365,1618
143349.085,1619
172859.618,1620
144407.026,1621
143407.407,1622
279993.5255,1623
230837.018,1624
130881.4925,1625
166985.658,1626
188399.2495,1627
270122.2985,1628
178021.8725,1629
337326.792,1630
202475.2135,1631
234351.4005,1632
182322.2575,1633
193942.8315,1634
187365.9795,1635
168218.648,1636
178175.7265,1637
204522.2595,1638
179809.6335,1639
238933.4265,1640
175478.9055,1641
220957.969,1642
219581.261,1643
229602.327,1644
182509.2455,1645
155291.537,1646
146680.985,1647
133580.803,1648
139369.7375,1649
125834.4045,1650
124180.073,1651
98451.865,1652
103145.7525,1653
152309.884,1654
149862.9395,1655
146339.7955,1656
151061.0805,1657
159713.7085,1658
130554.739,1659
167498.1865,1660
448126.6265,1661
344008.602,1662
359220.293,1663
395176.5105,1664
311911.6525,1665
343503.018,1666
346308.129,1667
327658.6415,1668
303677.9375,1669
347465.9245,1670
265671.1515,1671
429892.34,1672
306166.4755,1673
251748.6385,1674
198714.3625,1675
197238.4915,1676
222145.62,1677
427181.7695,1678
371348.415,1679
325694.26,1680
277939.8935,1681
318203.221,1682
191578.6995,1683
175123.4805,1684
174055.9545,1685
163157.3445,1686
173558.2655,1687
197375.818,1688
198445.6585,1689
189726.9255,1690
188601.809,1691
264056.847,1692
178137.0665,1693
185752.1555,1694
171664.728,1695
261336.588,1696
168686.0725,1697
320725.4915,1698
301299.431,1699
248833.2995,1700
259759.377,1701
251499.4855,1702
259682.8635,1703
287105.974,1704
254114.349,1705
419391.748,1706
235128.231,1707
215608.9255,1708
265178.977,1709
234065.7625,1710
291381.9165,1711
248741.4945,1712
268274.726,1713
212985.2115,1714
203692.8335,1715
197965.4065,1716
179701.0995,1717
147682.7735,1718
208591.4175,1719
246468.367,1720
184122.7625,1721
149075.2285,1722
169553.0785,1723
213419.839,1724
232584.3625,1725
196954.291,1726
177669.2185,1727
192326.1335,1728
167186.6845,1729
163366.951,1730
125137.8085,1731
135148.369,1732
123455.453,1733
132125.3945,1734
140698.0295,1735
123136.523,1736
298847.8,1737
218529.5275,1738
256497.2025,1739
216837.692,1740
200699.274,1741
172322.9495,1742
178616.036,1743
299811.474,1744
214705.7865,1745
218370.329,1746
210603.403,1747
213869.5095,1748
162355.287,1749
139391.265,1750
216033.0665,1751
124935.0765,1752
140292.0275,1753
187805.463,1754
171081.8385,1755
121773.8735,1756
122877.0225,1757
147312.094,1758
165250.1095,1759
166097.086,1760
153214.474,1761
175717.8185,1762
168462.122,1763
123734.61,1764
172712.1965,1765
175507.9405,1766
210225.7015,1767
145389.149,1768
161659.002,1769
153762.479,1770
137529.755,1771
138239.1495,1772
139479.4195,1773
141547.49,1774
132898.343,1775
128558.0045,1776
115800.108,1777
141723.886,1778
137515.0215,1779
173683.376,1780
128800.362,1781
105023.097,1782
148326.087,1783
123486.4415,1784
121692.5905,1785
146882.3455,1786
177139.383,1787
117990.826,1788
115693.6155,1789
102877.1565,1790
181282.429,1791
154100.832,1792
146009.961,1793
145060.3655,1794
138508.457,1795
140130.912,1796
130857.1445,1797
124743.331,1798
117174.6715,1799
140567.878,1800
124624.4105,1801
136954.091,1802
149102.3395,1803
145325.393,1804
137996.4645,1805
129084.253,1806
146680.567,1807
141040.8665,1808
149971.434,1809
146174.0955,1810
135207.244,1811
118743.4325,1812
125154.6185,1813
97414.1415,1814
80719.334,1815
110559.486,1816
148889.621,1817
148626.9605,1818
128262.535,1819
102518.9395,1820
113224.958,1821
155365.198,1822
97150.191,1823
138922.999,1824
143407.856,1825
117625.7565,1826
110383.6475,1827
130481.1095,1828
118975.9565,1829
142159.208,1830
152528.7405,1831
125290.103,1832
146901.471,1833
136273.4695,1834
162847.3035,1835
117761.667,1836
126668.9345,1837
134756.7925,1838
101181.008,1839
154877.2595,1840
147694.0465,1841
106242.5155,1842
149257.874,1843
143004.5025,1844
150450.562,1845
155935.3575,1846
157873.126,1847
92813.148,1848
128597.0365,1849
122572.1065,1850
160526.936,1851
134643.8975,1852
160480.917,1853
181806.145,1854
183931.4255,1855
218800.077,1856
185213.4465,1857
150051.603,1858
129371.549,1859
161738.014,1860
129407.6645,1861
276041.171,1862
268141.5555,1863
268143.0555,1864
336862.438,1865
332702.66,1866
243664.7185,1867
322679.7825,1868
213271.4605,1869
248692.957,1870
267876.712,1871
174781.935,1872
218736.8445,1873
143045.795,1874
195212.1605,1875
194581.976,1876
229315.935,1877
215522.6515,1878
140103.9025,1879
133457.1135,1880
249496.922,1881
257337.172,1882
198933.9225,1883
210824.753,1884
261736.383,1885
310172.467,1886
219140.1935,1887
283326.1595,1888
176130.064,1889
143108.9755,1890
143715.3205,1891
115623.244,1892
135338.726,1893
130178.185,1894
147255.85,1895
129074.084,1896
136287.266,1897
126464.419,1898
151551.763,1899
138555.259,1900
151966.636,1901
137232.9525,1902
183697.4515,1903
132699.9295,1904
175824.3915,1905
155791.5905,1906
184438.9455,1907
121707.191,1908
144958.927,1909
123499.0615,1910
182073.248,1911
267473.381,1912
169116.5475,1913
90379.1255,1914
335638.5245,1915
102790.4655,1916
240321.68,1917
139634.4245,1918
160674.175,1919
164563.8735,1920
408848.7905,1921
327978.3325,1922
193248.487,1923
230563.702,1924
219140.856,1925
371552.218,1926
141730.902,1927
157876.1865,1928
130181.5735,1929
142803.7895,1930
149253.672,1931
142695.1555,1932
183792.631,1933
177495.3085,1934
180381.522,1935
190135.701,1936
181894.5925,1937
184299.368,1938
241974.9085,1939
193098.2905,1940
177264.465,1941
193683.463,1942
196744.6815,1943
333307.3375,1944
353807.6855,1945
149667.7735,1946
304200.367,1947
166624.279,1948
235398.578,1949
183439.7515,1950
255200.758,1951
222889.4325,1952
184439.6695,1953
188663.553,1954
137601.408,1955
267605.483,1956
153709.982,1957
312371.2655,1958
145199.476,1959
118605.8135,1960
125464.671,1961
99856.76,1962
113072.9715,1963
119781.49,1964
149573.6545,1965
143387.5075,1966
305096.7785,1967
395456.2105,1968
371810.49,1969
404664.2665,1970
396474.282,1971
354725.0375,1972
265759.5195,1973
328846.898,1974
402596.3705,1975
290347.8615,1976
388670.864,1977
346431.351,1978
300897.3855,1979
206390.229,1980
338530.3385,1981
238187.495,1982
216244.3215,1983
170911.721,1984
224794.8425,1985
222780.193,1986
177925.822,1987
182700.5745,1988
185347.0635,1989
225364.3205,1990
232454.484,1991
215159.3575,1992
176786.011,1993
234003.3465,1994
182090.6375,1995
256658.321,1996
306030.1575,1997
320606.082,1998
273504.593,1999
287123.0525,2000
278907.612,2001
247190.295,2002
262507.3255,2003
276015.902,2004
235938.0055,2005
222583.5265,2006
248375.802,2007
214454.511,2008
201358.1435,2009
190591.3125,2010
154697.5565,2011
188012.024,2012
185680.753,2013
195632.03,2014
202053.8935,2015
203984.904,2016
205151.103,2017
135563.462,2018
142210.9515,2019
125387.1035,2020
118681.8255,2021
170672.274,2022
146035.1705,2023
254997.02,2024
331850.3435,2025
179041.6215,2026
164910.2315,2027
150838.706,2028
174525.64,2029
259705.123,2030
255099.0585,2031
263718.5485,2032
251701.9625,2033
170085.036,2034
201622.557,2035
182094.008,2036
187536.003,2037
278148.962,2038
216045.8335,2039
309894.414,2040
289023.55,2041
194888.791,2042
161678.107,2043
165886.3565,2044
213043.8795,2045
137205.558,2046
149727.9395,2047
136460.8195,2048
136632.608,2049
174920.4595,2050
124390.5225,2051
136859.276,2052
145849.516,2053
98561.3045,2054
161341.929,2055
157902.779,2056
126761.702,2057
224587.2015,2058
141934.6425,2059
172547.1345,2060
165531.7825,2061
138220.4835,2062
120000.641,2063
138792.0485,2064
126839.144,2065
177306.054,2066
156023.3105,2067
138811.803,2068
102866.52,2069
110518.4935,2070
122490.152,2071
137131.3535,2072
143172.4905,2073
176560.2825,2074
150914.9875,2075
122496.6645,2076
151230.366,2077
130336.2425,2078
133240.4635,2079
114263.471,2080
126443.0855,2081
135564.756,2082
134039.6285,2083
110258.4695,2084
127507.392,2085
147516.515,2086
124889.0005,2087
119760.0235,2088
88301.2755,2089
147825.279,2090
132564.559,2091
128874.848,2092
134232.034,2093
153865.696,2094
150890.0005,2095
100292.3565,2096
121263.1575,2097
129772.587,2098
78561.972,2099
136387.4865,2100
138353.3405,2101
142159.3135,2102
116747.1435,2103
133536.96,2104
152170.7375,2105
95934.264,2106
209685.593,2107
123532.9055,2108
116528.3975,2109
138470.295,2110
148638.1555,2111
135468.975,2112
127427.541,2113
126692.231,2114
144796.2295,2115
114072.646,2116
144715.7045,2117
129652.723,2118
113300.88,2119
127532.644,2120
113200.6175,2121
108315.427,2122
114942.405,2123
155473.635,2124
132332.2125,2125
153810.2575,2126
157193.7115,2127
143172.93,2128
106301.727,2129
148071.9355,2130
149726.0505,2131
121734.116,2132
121445.919,2133
132137.308,2134
112811.7525,2135
123829.1645,2136
133778.5035,2137
144607.458,2138
152178.881,2139
140401.662,2140
147078.0715,2141
135402.006,2142
139075.5145,2143
130776.607,2144
141392.5,2145
159917.1305,2146
159997.819,2147
133479.289,2148
148680.3905,2149
194081.233,2150
117341.7785,2151
172141.775,2152
157087.908,2153
132704.5745,2154
147552.9795,2155
253938.0895,2156
242814.228,2157
242074.8465,2158
194579.5495,2159
180703.4455,2160
248599.2585,2161
360204.0115,2162
359610.814,2163
266384.705,2164
176007.559,2165
146670.204,2166
210150.3575,2167
205954.4735,2168
199100.3915,2169
224483.0195,2170
148303.3855,2171
138422.7845,2172
161213.508,2173
223691.8745,2174
286494.685,2175
330012.7625,2176
251233.979,2177
225797.7065,2178
148415.1735,2179
213655.6725,2180
197977.9845,2181
226686.2275,2182
202923.2365,2183
138106.0755,2184
150250.9135,2185
145892.713,2186
151246.054,2187
152296.1175,2188
223825.063,2189
121379.0545,2190
117358.4915,2191
116320.342,2192
123180.36,2193
135397.2225,2194
122093.514,2195
124250.557,2196
125854.3665,2197
148279.301,2198
169094.2255,2199
134527.1175,2200
143399.8425,2201
186258.96,2202
139481.979,2203
161087.208,2204
104335.0695,2205
142118.056,2206
203420.9005,2207
218185.511,2208
188161.2375,2209
129442.527,2210
116475.061,2211
117884.4925,2212
126151.0645,2213
148840.9375,2214
117632.331,2215
146758.195,2216
104711.85,2217
106281.9565,2218
105078.8175,2219
97781.232,2220
340603.4705,2221
258483.586,2222
309736.027,2223
216207.002,2224
149060.079,2225
189643.385,2226
212196.572,2227
287086.913,2228
248140.384,2229
158985.101,2230
211778.534,2231
179546.765,2232
196322.465,2233
267093.332,2234
238308.651,2235
266488.0575,2236
364010.976,2237
210597.26,2238
136739.3745,2239
163093.896,2240
162626.7175,2241
137348.5675,2242
135255.4665,2243
116648.749,2244
112098.053,2245
144032.6665,2246
135623.035,2247
126986.8415,2248
132048.375,2249
136836.47,2250
129268.723,2251
171521.6065,2252
166581.3485,2253
175392.719,2254
190165.2865,2255
184242.2605,2256
198397.774,2257
177496.7985,2258
177870.599,2259
164455.49,2260
185669.7435,2261
197509.881,2262
353342.3425,2263
393908.815,2264
170530.18,2265
277281.883,2266
383958.177,2267
362603.253,2268
154783.309,2269
197981.4015,2270
225660.1745,2271
211047.1245,2272
172346.2385,2273
179619.2925,2274
158819.861,2275
181813.054,2276
179874.5885,2277
147796.5535,2278
129473.756,2279
124028.8995,2280
186235.244,2281
204397.498,2282
106065.3715,2283
118894.5215,2284
143420.6885,2285
128104.089,2286
338773.441,2287
271065.971,2288
331978.629,2289
389251.886,2290
331949.1625,2291
401305.7045,2292
411087.6475,2293
372401.709,2294
402627.584,2295
265054.734,2296
321287.153,2297
337335.154,2298
353639.435,2299
325675.5925,2300
308590.77,2301
244309.9095,2302
237844.528,2303
236276.212,2304
188857.8805,2305
193030.556,2306
196494.2965,2307
209839.301,2308
280833.73,2309
212973.852,2310
207887.2,2311
178095.278,2312
176176.4555,2313
184840.9505,2314
176546.27,2315
186021.166,2316
187292.1965,2317
178786.8875,2318
178229.4795,2319
182774.398,2320
249713.1295,2321
165023.4585,2322
196758.6455,2323
182790.871,2324
208816.1095,2325
174118.3035,2326
214809.2565,2327
223848.6305,2328
183155.412,2329
178489.8045,2330
337750.2475,2331
345307.083,2332
300140.2595,2333
244060.266,2334
280090.2455,2335
315379.6435,2336
205144.2705,2337
275953.0235,2338
236350.3385,2339
387067.4715,2340
220596.943,2341
235123.628,2342
220452.031,2343
221734.1735,2344
232447.8815,2345
219775.0755,2346
203019.471,2347
232607.8785,2348
177740.705,2349
308292.6535,2350
258501.3025,2351
249594.635,2352
267795.9475,2353
145261.14,2354
165496.644,2355
166427.2025,2356
202872.72,2357
203156.5905,2358
128222.2975,2359
123378.191,2360
141169.5115,2361
256654.327,2362
135628.219,2363
173241.449,2364
220877.482,2365
200055.691,2366
210078.786,2367
220929.5395,2368
211439.949,2369
174111.8825,2370
175061.6,2371
197185.736,2372
264891.2815,2373
304333.0095,2374
252200.2115,2375
260059.2095,2376
299390.459,2377
151425.24,2378
187116.869,2379
144542.932,2380
164653.7145,2381
199791.413,2382
204366.2,2383
238319.0945,2384
159617.105,2385
144289.0555,2386
140673.4685,2387
119203.0995,2388
131676.563,2389
147064.497,2390
135666.078,2391
115619.0655,2392
158267.2945,2393
149465.455,2394
194581.3205,2395
148072.8835,2396
197325.978,2397
135712.996,2398
108359.7035,2399
95030.7185,2400
118925.405,2401
136389.225,2402
132025.0975,2403
155914.5555,2404
160561.957,2405
139553.933,2406
129226.664,2407
143210.55,2408
137408.6635,2409
163285.6645,2410
124664.7885,2411
153371.316,2412
133509.095,2413
144174.8935,2414
128877.386,2415
125771.65,2416
132951.15,2417
129332.3715,2418
125512.5815,2419
131376.425,2420
146473.586,2421
126065.4655,2422
146927.275,2423
147727.403,2424
231427.151,2425
136229.3785,2426
153677.637,2427
171835.261,2428
122658.422,2429
131728.236,2430
131727.979,2431
138833.2,2432
143254.6515,2433
143097.747,2434
146010.919,2435
124919.696,2436
113100.442,2437
125058.54,2438
124038.238,2439
122267.7375,2440
119451.0085,2441
112901.6765,2442
121362.9765,2443
137754.543,2444
109994.5185,2445
133697.433,2446
213970.6345,2447
162417.7315,2448
114043.4965,2449
152990.6995,2450
143034.911,2451
203518.0425,2452
115419.637,2453
157728.508,2454
129448.62,2455
123134.685,2456
129736.2425,2457
129887.7235,2458
111417.4795,2459
135323.465,2460
124608.9815,2461
133083.285,2462
116975.509,2463
175130.011,2464
133759.6935,2465
120548.371,2466
153890.131,2467
108303.6345,2468
92128.384,2469
185744.4575,2470
196826.8075,2471
167284.824,2472
125517.488,2473
117956.1565,2474
199364.419,2475
118179.402,2476
135118.6225,2477
157751.778,2478
121947.0005,2479
160665.0125,2480
130663.0395,2481
138212.7375,2482
123417.528,2483
123189.412,2484
130202.814,2485
151573.5165,2486
214231.192,2487
151140.48,2488
162712.2995,2489
157016.7685,2490
111543.381,2491
188313.7565,2492
164852.536,2493
161806.7245,2494
121595.341,2495
231626.7185,2496
140450.2295,2497
121725.116,2498
119155.1625,2499
146735.8715,2500
131477.4565,2501
142922.0225,2502
117732.6125,2503
184660.2795,2504
222524.3075,2505
253949.2905,2506
287315.043,2507
250443.335,2508
225920.4905,2509
229501.0935,2510
187650.782,2511
218696.6225,2512
226880.0185,2513
259599.6665,2514
157679.1695,2515
183517.645,2516
138818.792,2517
149975.2445,2518
228306.6275,2519
221154.6765,2520
198547.9975,2521
221156.796,2522
136180.6325,2523
144956.2375,2524
146551.064,2525
141015.232,2526
129260.138,2527
128899.67,2528
133966.8,2529
130835.3815,2530
247048.9965,2531
224908.3445,2532
205697.1995,2533
242369.8785,2534
284586.11,2535
237187.7925,2536
240624.303,2537
187178.845,2538
195285.7755,2539
181412.4285,2540
182118.539,2541
171783.017,2542
137701.153,2543
121461.108,2544
140390.0615,2545
136576.6585,2546
142204.541,2547
160445.62,2548
169422.2795,2549
368138.508,2550
151771.8015,2551
121585.9295,2552
121384.883,2553
128578.3315,2554
123705.433,2555
114176.212,2556
123017.107,2557
166146.9185,2558
125105.1565,2559
139897.261,2560
138055.15,2561
134739.7865,2562
145030.5005,2563
175216.967,2564
150846.997,2565
155485.4165,2566
129575.9955,2567
180316.0645,2568
189146.4895,2569
130744.363,2570
184846.9015,2571
160589.613,2572
207352.0635,2573
278533.7645,2574
132856.9575,2575
141526.0245,2576
162723.7945,2577
102047.1865,2578
88495.405,2579
148648.914,2580
136908.4975,2581
129728.0795,2582
247943.87,2583
172389.555,2584
204201.37,2585
231469.4365,2586
194192.8925,2587
140597.515,2588
141320.9,2589
226913.568,2590
218131.0075,2591
212283.9155,2592
251376.727,2593
171480.6125,2594
209902.3365,2595
324151.6895,2596
204326.5675,2597
263816.845,2598
317885.2755,2599
177939.033,2600
153605.243,2601
94580.5585,2602
104595.9005,2603
108336.671,2604
92077.6315,2605
162579.025,2606
186846.367,2607
209279.164,2608
159168.6555,2609
128570.697,2610
146495.678,2611
148458.112,2612
137024.6835,2613
130781.099,2614
148424.1895,2615
146616.359,2616
167331.4285,2617
181157.733,2618
191489.708,2619
183757.2305,2620
185503.986,2621
188098.31,2622
243943.113,2623
285688.913,2624
284715.847,2625
172280.767,2626
167477.7355,2627
386192.5395,2628
469990.5405,2629
336850.4505,2630
434882.59,2631
390314.17,2632
300253.486,2633
371991.013,2634
152536.087,2635
186925.2945,2636
194770.243,2637
239343.413,2638
177721.1415,2639
154094.9475,2640
114325.3055,2641
206324.684,2642
109834.3905,2643
139991.001,2644
108956.2325,2645
94930.24,2646
111406.678,2647
142602.4365,2648
140893.7645,2649
136883.7595,2650
146784.837,2651
424235.312,2652
254390.2785,2653
271502.526,2654
369080.1115,2655
314634.065,2656
329927.172,2657
279405.99,2658
296025.7985,2659
328887.665,2660
340977.01,2661
355582.9975,2662
281919.338,2663
282185.7705,2664
314997.0535,2665
283834.706,2666
168931.7095,2667
179665.524,2668
181463.892,2669
274806.7445,2670
183547.6255,2671
190754.336,2672
211790.292,2673
219464.625,2674
170392.55,2675
192656.2085,2676
192529.7215,2677
243189.0095,2678
283427.9915,2679
275428.0705,2680
362704.5485,2681
304298.1465,2682
522173.2785,2683
300216.059,2684
306937.9835,2685
265703.7445,2686
333535.909,2687
223631.0995,2688
210120.7745,2689
428972.154,2690
195474.3085,2691
144309.889,2692
205957.56,2693
151510.002,2694
195945.0585,2695
186758.846,2696
196110.604,2697
209281.6895,2698
189428.4975,2699
170663.628,2700
170841.893,2701
122709.5825,2702
148336.785,2703
143029.994,2704
124722.9055,2705
123518.3925,2706
126224.769,2707
135583.5235,2708
124559.608,2709
124318.9575,2710
267313.3985,2711
341705.4195,2712
184609.854,2713
149972.012,2714
173121.832,2715
162594.485,2716
199205.1335,2717
228230.2935,2718
159233.5565,2719
166001.322,2720
143429.4475,2721
159756.7145,2722
154558.997,2723
137465.8875,2724
135275.425,2725
144998.9965,2726
188155.563,2727
164948.764,2728
152905.489,2729
140536.855,2730
122856.0975,2731
118872.896,2732
153196.466,2733
147038.2165,2734
136357.4805,2735
149003.1265,2736
124856.9785,2737
132490.696,2738
161837.306,2739
134784.0115,2740
146067.641,2741
157913.074,2742
149306.569,2743
154494.8675,2744
144084.9145,2745
140654.7385,2746
152662.8235,2747
142521.3795,2748
134440.615,2749
140707.26,2750
139901.9395,2751
214704.776,2752
152758.7765,2753
208073.609,2754
128375.5765,2755
114555.6635,2756
94742.139,2757
100116.0125,2758
156116.176,2759
138093.04,2760
148751.8665,2761
149444.855,2762
188772.298,2763
180426.821,2764
244590.3235,2765
130654.3275,2766
100286.5265,2767
131107.237,2768
133352.1665,2769
144521.118,2770
123654.94,2771
130568.952,2772
172518.972,2773
127755.965,2774
138600.55,2775
139613.539,2776
146972.184,2777
128903.4215,2778
155172.3085,2779
115573.6285,2780
104765.0305,2781
107765.7045,2782
108258.6825,2783
130009.187,2784
140146.266,2785
86801.489,2786
126110.4375,2787
98926.4615,2788
165943.7,2789
124121.975,2790
119404.9275,2791
103104.2575,2792
163407.9,2793
117845.1945,2794
126879.677,2795
105230.143,2796
172641.1275,2797
124093.197,2798
135579.1795,2799
105009.258,2800
116426.5035,2801
138323.831,2802
154285.476,2803
151132.946,2804
119494.212,2805
93426.6255,2806
156401.7335,2807
149338.7525,2808
134367.7295,2809
137574.642,2810
161042.706,2811
143926.696,2812
159352.2845,2813
153963.031,2814
122134.984,2815
210935.75,2816
157075.237,2817
137972.5615,2818
180163.774,2819
148615.657,2820
124673.0395,2821
181781.9135,2822
285744.9445,2823
173485.326,2824
169831.4975,2825
133511.0155,2826
138855.1975,2827
239902.654,2828
205957.188,2829
229087.538,2830
192253.4685,2831
246936.4515,2832
299795.2635,2833
217381.634,2834
218676.8965,2835
210062.3405,2836
165000.425,2837
153711.2725,2838
187419.743,2839
186722.4775,2840
205189.736,2841
230765.6935,2842
153157.5805,2843
152955.631,2844
125446.7485,2845
216587.4015,2846
199678.413,2847
221808.884,2848
212595.208,2849
271319.807,2850
224195.288,2851
219430.9975,2852
244818.366,2853
142718.5345,2854
219403.979,2855
210961.0325,2856
187598.7585,2857
206840.6565,2858
140151.9195,2859
142351.071,2860
138240.363,2861
203531.843,2862
140619.156,2863
255679.9455,2864
145381.608,2865
134063.1655,2866
101539.4555,2867
123028.08,2868
123629.3255,2869
155962.059,2870
116393.69,2871
74756.1165,2872
125611.897,2873
130831.7165,2874
127172.4835,2875
162971.492,2876
136291.61,2877
158707.207,2878
141924.0595,2879
111804.786,2880
150076.7605,2881
149979.7085,2882
176781.304,2883
178431.7105,2884
169185.3375,2885
198100.8005,2886
110325.742,2887
126652.3005,2888
92986.9535,2889
91847.0265,2890
139566.8155,2891
107335.975,2892
129640.5345,2893
103755.386,2894
309747.3825,2895
290116.051,2896
194331.918,2897
142980.0725,2898
221992.048,2899
157292.0145,2900
179568.177,2901
195204.999,2902
350718.2135,2903
331741.5035,2904
129360.3765,2905
205890.9575,2906
120735.4675,2907
133560.859,2908
144716.0675,2909
99767.877,2910
95318.107,2911
149553.254,2912
99565.873,2913
99007.497,2914
103404.882,2915
96654.3725,2916
173006.486,2917
138172.534,2918
218366.3985,2919
